3,1,484.37,299.22,65.00,190.00,1.0000,-1,-1,-1
3,2,1039.22,341.02,85.00,235.00,1.0000,-1,-1,-1
3,3,160.00,360.78,75.00,220.00,1.0000,-1,-1,-1
3,4,820.78,440.00,80.00,225.00,1.0000,-1,-1,-1
4,1,487.46,298.98,65.00,190.00,1.0000,-1,-1,-1
4,2,1033.76,341.81,85.00,235.00,1.0000,-1,-1,-1
4,3,165.22,361.02,75.00,220.00,1.0000,-1,-1,-1
4,4,821.02,440.00,80.00,225.00,1.0000,-1,-1,-1
5,1,489.84,298.92,65.00,190.00,1.0000,-1,-1,-1
5,2,1027.76,342.05,85.00,235.00,1.0000,-1,-1,-1
5,3,171.16,361.82,75.00,220.00,1.0000,-1,-1,-1
5,4,821.82,440.00,80.00,225.00,1.0000,-1,-1,-1
6,1,491.97,298.20,65.00,190.00,1.0000,-1,-1,-1
6,2,1021.65,342.83,85.00,235.00,1.0000,-1,-1,-1
6,3,177.26,362.07,75.00,220.00,1.0000,-1,-1,-1
6,4,822.07,440.00,80.00,225.00,1.0000,-1,-1,-1
7,1,494.72,297.96,65.00,190.00,1.0000,-1,-1,-1
7,2,1015.54,343.78,85.00,235.00,1.0000,-1,-1,-1
7,3,182.68,362.14,75.00,220.00,1.0000,-1,-1,-1
7,4,822.14,440.70,80.00,225.00,1.0000,-1,-1,-1
8,1,497.67,297.89,65.00,190.00,1.0000,-1,-1,-1
8,2,1009.45,344.10,85.00,235.00,1.0000,-1,-1,-1
8,3,187.84,362.84,75.00,220.00,1.0000,-1,-1,-1
8,4,822.84,440.95,80.00,225.00,1.0000,-1,-1,-1
9,1,500.00,297.88,65.00,190.00,1.0000,-1,-1,-1
9,2,1004.06,344.88,85.00,235.00,1.0000,-1,-1,-1
9,3,193.59,363.07,75.00,220.00,1.0000,-1,-1,-1
9,4,823.07,441.03,80.00,225.00,1.0000,-1,-1,-1
10,1,502.11,297.21,65.00,190.00,1.0000,-1,-1,-1
10,2,998.25,345.14,85.00,235.00,1.0000,-1,-1,-1
10,3,199.55,363.82,75.00,220.00,1.0000,-1,-1,-1
10,4,823.82,441.06,80.00,225.00,1.0000,-1,-1,-1
11,1,504.81,296.97,65.00,190.00,1.0000,-1,-1,-1
11,2,992.29,345.88,85.00,235.00,1.0000,-1,-1,-1
11,3,204.90,364.08,75.00,220.00,1.0000,-1,-1,-1
11,4,824.08,441.06,80.00,225.00,1.0000,-1,-1,-1
12,1,507.72,296.89,65.00,190.00,1.0000,-1,-1,-1
12,2,986.28,346.81,85.00,235.00,1.0000,-1,-1,-1
12,3,210.02,364.16,75.00,220.00,1.0000,-1,-1,-1
12,4,824.16,441.06,80.00,225.00,1.0000,-1,-1,-1
13,1,510.05,296.21,65.00,190.00,1.0000,-1,-1,-1
13,2,980.25,347.13,85.00,235.00,1.0000,-1,-1,-1
13,3,215.73,364.84,75.00,220.00,1.0000,-1,-1,-1
13,4,824.84,441.05,80.00,225.00,1.0000,-1,-1,-1
14,1,512.16,295.96,65.00,190.00,1.0000,-1,-1,-1
14,2,974.89,347.90,85.00,235.00,1.0000,-1,-1,-1
14,3,221.66,365.08,75.00,220.00,1.0000,-1,-1,-1
14,4,825.08,441.04,80.00,225.00,1.0000,-1,-1,-1
15,1,514.84,295.89,65.00,190.00,1.0000,-1,-1,-1
15,2,969.11,348.16,85.00,235.00,1.0000,-1,-1,-1
15,3,226.99,365.82,75.00,220.00,1.0000,-1,-1,-1
15,4,825.82,441.04,80.00,225.00,1.0000,-1,-1,-1
16,1,517.75,295.87,65.00,190.00,1.0000,-1,-1,-1
16,2,963.18,348.90,85.00,235.00,1.0000,-1,-1,-1
16,3,232.11,366.08,75.00,220.00,1.0000,-1,-1,-1
16,4,826.08,441.70,80.00,225.00,1.0000,-1,-1,-1
17,1,520.08,295.21,65.00,190.00,1.0000,-1,-1,-1
17,2,957.19,349.82,85.00,235.00,1.0000,-1,-1,-1
17,3,237.80,366.16,75.00,220.00,1.0000,-1,-1,-1
17,4,826.16,441.94,80.00,225.00,1.0000,-1,-1,-1
18,1,522.18,294.97,65.00,190.00,1.0000,-1,-1,-1
18,2,951.18,350.14,85.00,235.00,1.0000,-1,-1,-1
18,3,243.71,366.84,75.00,220.00,1.0000,-1,-1,-1
18,4,826.84,442.03,80.00,225.00,1.0000,-1,-1,-1
19,1,524.86,294.89,65.00,190.00,1.0000,-1,-1,-1
19,2,945.82,350.91,85.00,235.00,1.0000,-1,-1,-1
19,3,249.04,367.08,75.00,220.00,1.0000,-1,-1,-1
19,4,827.08,442.06,80.00,225.00,1.0000,-1,-1,-1
20,1,527.77,294.21,65.00,190.00,1.0000,-1,-1,-1
20,2,940.05,351.17,85.00,235.00,1.0000,-1,-1,-1
20,3,254.15,367.82,75.00,220.00,1.0000,-1,-1,-1
20,4,827.82,442.06,80.00,225.00,1.0000,-1,-1,-1
21,1,530.09,293.97,65.00,190.00,1.0000,-1,-1,-1
21,2,934.13,351.91,85.00,235.00,1.0000,-1,-1,-1
21,3,259.84,368.08,75.00,220.00,1.0000,-1,-1,-1
21,4,828.08,442.06,80.00,225.00,1.0000,-1,-1,-1
22,1,532.19,293.89,65.00,190.00,1.0000,-1,-1,-1
22,2,928.14,352.83,85.00,235.00,1.0000,-1,-1,-1
22,3,265.74,368.17,75.00,220.00,1.0000,-1,-1,-1
22,4,828.17,442.05,80.00,225.00,1.0000,-1,-1,-1
23,1,534.87,293.20,65.00,190.00,1.0000,-1,-1,-1
23,2,922.14,353.15,85.00,235.00,1.0000,-1,-1,-1
23,3,271.07,368.84,75.00,220.00,1.0000,-1,-1,-1
23,4,828.84,442.05,80.00,225.00,1.0000,-1,-1,-1
24,1,537.78,292.96,65.00,190.00,1.0000,-1,-1,-1
24,2,916.79,353.91,85.00,235.00,1.0000,-1,-1,-1
24,3,276.17,369.08,75.00,220.00,1.0000,-1,-1,-1
24,4,829.08,442.04,80.00,225.00,1.0000,-1,-1,-1
25,1,540.10,292.88,65.00,190.00,1.0000,-1,-1,-1
25,2,911.02,354.17,85.00,235.00,1.0000,-1,-1,-1
25,3,281.86,369.82,75.00,220.00,1.0000,-1,-1,-1
25,4,829.82,442.04,80.00,225.00,1.0000,-1,-1,-1
26,1,542.20,292.20,65.00,190.00,1.0000,-1,-1,-1
26,2,905.10,354.91,85.00,235.00,1.0000,-1,-1,-1
26,3,287.76,370.08,75.00,220.00,1.0000,-1,-1,-1
26,4,830.08,442.03,80.00,225.00,1.0000,-1,-1,-1
27,1,544.88,291.95,65.00,190.00,1.0000,-1,-1,-1
27,2,899.12,355.83,85.00,235.00,1.0000,-1,-1,-1
27,3,293.08,370.17,75.00,220.00,1.0000,-1,-1,-1
27,4,830.17,442.69,80.00,225.00,1.0000,-1,-1,-1
28,1,547.78,291.88,65.00,190.00,1.0000,-1,-1,-1
28,2,893.12,356.15,85.00,235.00,1.0000,-1,-1,-1
28,3,298.19,370.84,75.00,220.00,1.0000,-1,-1,-1
28,4,830.84,442.94,80.00,225.00,1.0000,-1,-1,-1
29,1,550.10,291.86,65.00,190.00,1.0000,-1,-1,-1
29,2,887.77,356.91,85.00,235.00,1.0000,-1,-1,-1
29,3,303.87,371.08,75.00,220.00,1.0000,-1,-1,-1
29,4,831.08,443.02,80.00,225.00,1.0000,-1,-1,-1
30,1,552.20,291.20,65.00,190.00,1.0000,-1,-1,-1
30,2,882.01,357.18,85.00,235.00,1.0000,-1,-1,-1
30,3,309.77,371.82,75.00,220.00,1.0000,-1,-1,-1
30,4,831.82,443.05,80.00,225.00,1.0000,-1,-1,-1
31,1,554.88,290.96,65.00,190.00,1.0000,-1,-1,-1
31,2,876.09,357.91,85.00,235.00,1.0000,-1,-1,-1
31,3,315.09,372.08,75.00,220.00,1.0000,-1,-1,-1
31,4,832.08,443.06,80.00,225.00,1.0000,-1,-1,-1
32,1,557.78,290.89,65.00,190.00,1.0000,-1,-1,-1
32,2,870.11,358.83,85.00,235.00,1.0000,-1,-1,-1
32,3,320.20,372.17,75.00,220.00,1.0000,-1,-1,-1
32,4,832.17,443.06,80.00,225.00,1.0000,-1,-1,-1
33,1,560.11,290.21,65.00,190.00,1.0000,-1,-1,-1
33,2,864.11,359.15,85.00,235.00,1.0000,-1,-1,-1
33,3,325.88,372.84,75.00,220.00,1.0000,-1,-1,-1
33,4,832.84,443.05,80.00,225.00,1.0000,-1,-1,-1
34,1,562.21,289.96,65.00,190.00,1.0000,-1,-1,-1
34,2,858.76,359.91,85.00,235.00,1.0000,-1,-1,-1
34,3,331.78,373.08,75.00,220.00,1.0000,-1,-1,-1
34,4,833.08,443.05,80.00,225.00,1.0000,-1,-1,-1
35,1,564.89,289.88,65.00,190.00,1.0000,-1,-1,-1
35,2,853.00,360.18,85.00,235.00,1.0000,-1,-1,-1
35,3,337.10,373.82,75.00,220.00,1.0000,-1,-1,-1
35,4,833.82,443.04,80.00,225.00,1.0000,-1,-1,-1
36,1,567.79,289.86,65.00,190.00,1.0000,-1,-1,-1
36,2,847.08,360.92,85.00,235.00,1.0000,-1,-1,-1
36,3,342.20,374.08,75.00,220.00,1.0000,-1,-1,-1
36,4,834.08,443.70,80.00,225.00,1.0000,-1,-1,-1
37,1,570.11,289.21,65.00,190.00,1.0000,-1,-1,-1
37,2,841.10,361.83,85.00,235.00,1.0000,-1,-1,-1
37,3,347.88,374.17,75.00,220.00,1.0000,-1,-1,-1
37,4,834.17,443.94,80.00,225.00,1.0000,-1,-1,-1
37,5,125.14,420.00,80.00,210.00,1.0000,-1,-1,-1
38,1,572.21,288.97,65.00,190.00,1.0000,-1,-1,-1
38,2,835.10,362.16,85.00,235.00,1.0000,-1,-1,-1
38,3,353.78,374.84,75.00,220.00,1.0000,-1,-1,-1
38,4,834.84,444.03,80.00,225.00,1.0000,-1,-1,-1
38,5,139.68,420.76,80.00,210.00,1.0000,-1,-1,-1
39,1,574.89,288.89,65.00,190.00,1.0000,-1,-1,-1
39,2,829.76,362.91,85.00,235.00,1.0000,-1,-1,-1
39,3,359.10,375.08,75.00,220.00,1.0000,-1,-1,-1
39,4,835.08,444.06,80.00,225.00,1.0000,-1,-1,-1
39,5,154.26,421.01,80.00,210.00,1.0000,-1,-1,-1
40,1,577.79,288.21,65.00,190.00,1.0000,-1,-1,-1
40,2,823.99,363.18,85.00,235.00,1.0000,-1,-1,-1
40,3,364.21,375.82,75.00,220.00,1.0000,-1,-1,-1
40,4,835.82,444.06,80.00,225.00,1.0000,-1,-1,-1
40,5,168.66,421.08,80.00,210.00,1.0000,-1,-1,-1
41,1,580.11,287.96,65.00,190.00,1.0000,-1,-1,-1
41,2,818.08,363.92,85.00,235.00,1.0000,-1,-1,-1
41,3,369.89,376.08,75.00,220.00,1.0000,-1,-1,-1
41,4,836.08,444.06,80.00,225.00,1.0000,-1,-1,-1
41,5,182.94,421.09,80.00,210.00,1.0000,-1,-1,-1
42,1,582.21,287.88,65.00,190.00,1.0000,-1,-1,-1
42,2,812.10,364.83,85.00,235.00,1.0000,-1,-1,-1
42,3,375.79,376.17,75.00,220.00,1.0000,-1,-1,-1
42,4,836.17,444.05,80.00,225.00,1.0000,-1,-1,-1
42,5,197.14,421.08,80.00,210.00,1.0000,-1,-1,-1
43,1,584.89,287.20,65.00,190.00,1.0000,-1,-1,-1
43,2,806.10,365.16,85.00,235.00,1.0000,-1,-1,-1
43,3,381.11,376.84,75.00,220.00,1.0000,-1,-1,-1
43,4,836.84,444.05,80.00,225.00,1.0000,-1,-1,-1
43,5,211.29,421.75,80.00,210.00,1.0000,-1,-1,-1
44,1,587.79,286.96,65.00,190.00,1.0000,-1,-1,-1
44,2,800.75,365.91,85.00,235.00,1.0000,-1,-1,-1
44,3,386.21,377.08,75.00,220.00,1.0000,-1,-1,-1
44,4,837.08,444.04,80.00,225.00,1.0000,-1,-1,-1
44,5,225.40,421.99,80.00,210.00,1.0000,-1,-1,-1
45,1,590.11,286.88,65.00,190.00,1.0000,-1,-1,-1
45,2,794.99,366.18,85.00,235.00,1.0000,-1,-1,-1
45,3,391.89,377.82,75.00,220.00,1.0000,-1,-1,-1
45,4,837.82,444.04,80.00,225.00,1.0000,-1,-1,-1
45,5,239.49,422.07,80.00,210.00,1.0000,-1,-1,-1
46,1,592.21,286.20,65.00,190.00,1.0000,-1,-1,-1
46,2,789.07,366.92,85.00,235.00,1.0000,-1,-1,-1
46,3,397.79,378.08,75.00,220.00,1.0000,-1,-1,-1
46,4,838.08,444.03,80.00,225.00,1.0000,-1,-1,-1
46,5,253.56,422.09,80.00,210.00,1.0000,-1,-1,-1
47,1,594.89,285.95,65.00,190.00,1.0000,-1,-1,-1
47,2,783.10,367.83,85.00,235.00,1.0000,-1,-1,-1
47,3,403.11,378.17,75.00,220.00,1.0000,-1,-1,-1
47,4,838.17,444.69,80.00,225.00,1.0000,-1,-1,-1
47,5,267.62,422.09,80.00,210.00,1.0000,-1,-1,-1
48,1,597.79,285.87,65.00,190.00,1.0000,-1,-1,-1
48,2,777.10,368.16,85.00,235.00,1.0000,-1,-1,-1
48,3,408.21,378.84,75.00,220.00,1.0000,-1,-1,-1
48,4,838.84,444.94,80.00,225.00,1.0000,-1,-1,-1
48,5,281.67,422.75,80.00,210.00,1.0000,-1,-1,-1
49,1,600.11,285.86,65.00,190.00,1.0000,-1,-1,-1
49,2,771.75,368.92,85.00,235.00,1.0000,-1,-1,-1
49,3,413.89,379.08,75.00,220.00,1.0000,-1,-1,-1
49,4,839.08,445.02,80.00,225.00,1.0000,-1,-1,-1
49,5,295.71,422.99,80.00,210.00,1.0000,-1,-1,-1
50,1,602.21,285.20,65.00,190.00,1.0000,-1,-1,-1
50,2,765.99,369.18,85.00,235.00,1.0000,-1,-1,-1
50,3,419.79,379.82,75.00,220.00,1.0000,-1,-1,-1
50,4,839.82,445.05,80.00,225.00,1.0000,-1,-1,-1
50,5,309.75,423.07,80.00,210.00,1.0000,-1,-1,-1
51,1,604.89,284.96,65.00,190.00,1.0000,-1,-1,-1
51,2,760.07,369.92,85.00,235.00,1.0000,-1,-1,-1
51,3,425.11,380.08,75.00,220.00,1.0000,-1,-1,-1
51,4,840.08,445.06,80.00,225.00,1.0000,-1,-1,-1
51,5,323.78,423.09,80.00,210.00,1.0000,-1,-1,-1
52,1,607.79,284.89,65.00,190.00,1.0000,-1,-1,-1
52,2,754.10,370.83,85.00,235.00,1.0000,-1,-1,-1
52,3,430.21,380.17,75.00,220.00,1.0000,-1,-1,-1
52,4,840.17,445.05,80.00,225.00,1.0000,-1,-1,-1
52,5,337.81,423.09,80.00,210.00,1.0000,-1,-1,-1
53,1,610.11,284.21,65.00,190.00,1.0000,-1,-1,-1
53,2,748.10,371.16,85.00,235.00,1.0000,-1,-1,-1
53,3,435.89,380.84,75.00,220.00,1.0000,-1,-1,-1
53,4,840.84,445.05,80.00,225.00,1.0000,-1,-1,-1
53,5,351.83,423.75,80.00,210.00,1.0000,-1,-1,-1
54,1,612.21,283.96,65.00,190.00,1.0000,-1,-1,-1
54,2,742.75,371.92,85.00,235.00,1.0000,-1,-1,-1
54,3,441.79,381.08,75.00,220.00,1.0000,-1,-1,-1
54,4,841.08,445.04,80.00,225.00,1.0000,-1,-1,-1
54,5,365.85,423.99,80.00,210.00,1.0000,-1,-1,-1
55,1,614.89,283.88,65.00,190.00,1.0000,-1,-1,-1
55,2,736.99,372.18,85.00,235.00,1.0000,-1,-1,-1
55,3,447.11,381.82,75.00,220.00,1.0000,-1,-1,-1
55,4,841.82,445.04,80.00,225.00,1.0000,-1,-1,-1
55,5,379.87,424.07,80.00,210.00,1.0000,-1,-1,-1
56,1,617.79,283.86,65.00,190.00,1.0000,-1,-1,-1
56,2,731.07,372.92,85.00,235.00,1.0000,-1,-1,-1
56,3,452.21,382.08,75.00,220.00,1.0000,-1,-1,-1
56,4,842.08,445.70,80.00,225.00,1.0000,-1,-1,-1
56,5,393.89,424.09,80.00,210.00,1.0000,-1,-1,-1
57,1,620.11,283.21,65.00,190.00,1.0000,-1,-1,-1
57,2,725.09,373.83,85.00,235.00,1.0000,-1,-1,-1
57,3,457.89,382.17,75.00,220.00,1.0000,-1,-1,-1
57,4,842.17,445.94,80.00,225.00,1.0000,-1,-1,-1
57,5,407.90,424.09,80.00,210.00,1.0000,-1,-1,-1
58,1,622.21,282.97,65.00,190.00,1.0000,-1,-1,-1
58,2,719.10,374.16,85.00,235.00,1.0000,-1,-1,-1
58,3,463.79,382.84,75.00,220.00,1.0000,-1,-1,-1
58,4,842.84,446.03,80.00,225.00,1.0000,-1,-1,-1
58,5,421.91,424.75,80.00,210.00,1.0000,-1,-1,-1
59,1,624.89,282.89,65.00,190.00,1.0000,-1,-1,-1
59,2,713.75,374.92,85.00,235.00,1.0000,-1,-1,-1
59,3,469.11,383.08,75.00,220.00,1.0000,-1,-1,-1
59,4,843.08,446.06,80.00,225.00,1.0000,-1,-1,-1
59,5,435.92,424.99,80.00,210.00,1.0000,-1,-1,-1
60,1,627.79,282.21,65.00,190.00,1.0000,-1,-1,-1
60,2,707.99,375.18,85.00,235.00,1.0000,-1,-1,-1
60,3,474.21,383.82,75.00,220.00,1.0000,-1,-1,-1
60,4,843.82,446.06,80.00,225.00,1.0000,-1,-1,-1
60,5,449.93,425.07,80.00,210.00,1.0000,-1,-1,-1
61,1,630.11,281.96,65.00,190.00,1.0000,-1,-1,-1
61,2,702.07,375.92,85.00,235.00,1.0000,-1,-1,-1
61,3,479.89,384.08,75.00,220.00,1.0000,-1,-1,-1
61,4,844.08,446.06,80.00,225.00,1.0000,-1,-1,-1
61,5,463.94,425.09,80.00,210.00,1.0000,-1,-1,-1
62,1,632.21,281.88,65.00,190.00,1.0000,-1,-1,-1
62,2,696.09,376.83,85.00,235.00,1.0000,-1,-1,-1
62,3,485.79,384.17,75.00,220.00,1.0000,-1,-1,-1
62,4,844.17,446.05,80.00,225.00,1.0000,-1,-1,-1
62,5,477.95,425.10,80.00,210.00,1.0000,-1,-1,-1
63,1,634.89,281.20,65.00,190.00,1.0000,-1,-1,-1
63,2,690.10,377.16,85.00,235.00,1.0000,-1,-1,-1
63,3,491.11,384.84,75.00,220.00,1.0000,-1,-1,-1
63,4,844.84,446.05,80.00,225.00,1.0000,-1,-1,-1
63,5,491.95,425.75,80.00,210.00,1.0000,-1,-1,-1
64,1,637.79,280.96,65.00,190.00,1.0000,-1,-1,-1
64,2,684.75,377.92,85.00,235.00,1.0000,-1,-1,-1
64,3,496.21,385.08,75.00,220.00,1.0000,-1,-1,-1
64,4,845.08,446.04,80.00,225.00,1.0000,-1,-1,-1
64,5,505.96,425.99,80.00,210.00,1.0000,-1,-1,-1
65,2,678.99,378.18,85.00,235.00,1.0000,-1,-1,-1
65,3,501.89,385.82,75.00,220.00,1.0000,-1,-1,-1
65,4,845.82,446.04,80.00,225.00,1.0000,-1,-1,-1
65,5,519.96,426.07,80.00,210.00,1.0000,-1,-1,-1
66,2,673.07,378.92,85.00,235.00,1.0000,-1,-1,-1
66,3,507.79,386.08,75.00,220.00,1.0000,-1,-1,-1
66,4,846.08,446.03,80.00,225.00,1.0000,-1,-1,-1
66,5,533.97,426.09,80.00,210.00,1.0000,-1,-1,-1
67,2,667.09,379.83,85.00,235.00,1.0000,-1,-1,-1
67,3,513.11,386.17,75.00,220.00,1.0000,-1,-1,-1
67,4,846.17,446.69,80.00,225.00,1.0000,-1,-1,-1
67,5,547.97,426.10,80.00,210.00,1.0000,-1,-1,-1
68,2,661.10,380.16,85.00,235.00,1.0000,-1,-1,-1
68,3,518.21,386.84,75.00,220.00,1.0000,-1,-1,-1
68,4,846.84,446.94,80.00,225.00,1.0000,-1,-1,-1
68,5,561.97,426.75,80.00,210.00,1.0000,-1,-1,-1
69,2,655.75,380.92,85.00,235.00,1.0000,-1,-1,-1
69,3,523.89,387.08,75.00,220.00,1.0000,-1,-1,-1
69,4,847.08,447.02,80.00,225.00,1.0000,-1,-1,-1
69,5,575.98,426.99,80.00,210.00,1.0000,-1,-1,-1
70,2,649.99,381.18,85.00,235.00,1.0000,-1,-1,-1
70,3,529.79,387.82,75.00,220.00,1.0000,-1,-1,-1
70,4,847.82,447.05,80.00,225.00,1.0000,-1,-1,-1
70,5,589.98,427.07,80.00,210.00,1.0000,-1,-1,-1
71,2,644.07,381.92,85.00,235.00,1.0000,-1,-1,-1
71,3,535.11,388.08,75.00,220.00,1.0000,-1,-1,-1
71,4,848.08,447.06,80.00,225.00,1.0000,-1,-1,-1
71,5,603.98,427.09,80.00,210.00,1.0000,-1,-1,-1
72,2,638.09,382.83,85.00,235.00,1.0000,-1,-1,-1
72,3,540.21,388.17,75.00,220.00,1.0000,-1,-1,-1
72,4,848.17,447.05,80.00,225.00,1.0000,-1,-1,-1
72,5,617.98,427.10,80.00,210.00,1.0000,-1,-1,-1
73,2,632.10,383.16,85.00,235.00,1.0000,-1,-1,-1
73,3,545.89,388.84,75.00,220.00,1.0000,-1,-1,-1
73,4,848.84,447.05,80.00,225.00,1.0000,-1,-1,-1
73,5,631.99,427.75,80.00,210.00,1.0000,-1,-1,-1
74,2,626.75,383.92,85.00,235.00,1.0000,-1,-1,-1
74,3,551.79,389.08,75.00,220.00,1.0000,-1,-1,-1
74,4,849.08,447.04,80.00,225.00,1.0000,-1,-1,-1
74,5,645.99,427.99,80.00,210.00,1.0000,-1,-1,-1
75,2,620.99,384.18,85.00,235.00,1.0000,-1,-1,-1
75,3,557.11,389.82,75.00,220.00,1.0000,-1,-1,-1
75,4,849.82,447.04,80.00,225.00,1.0000,-1,-1,-1
75,5,659.99,428.07,80.00,210.00,1.0000,-1,-1,-1
76,2,615.07,384.92,85.00,235.00,1.0000,-1,-1,-1
76,3,562.21,390.08,75.00,220.00,1.0000,-1,-1,-1
76,4,850.08,447.70,80.00,225.00,1.0000,-1,-1,-1
76,5,673.99,428.09,80.00,210.00,1.0000,-1,-1,-1
77,2,609.09,385.83,85.00,235.00,1.0000,-1,-1,-1
77,3,567.89,390.17,75.00,220.00,1.0000,-1,-1,-1
77,4,850.17,447.94,80.00,225.00,1.0000,-1,-1,-1
77,5,687.99,428.10,80.00,210.00,1.0000,-1,-1,-1
78,2,603.10,386.16,85.00,235.00,1.0000,-1,-1,-1
78,3,573.79,390.84,75.00,220.00,1.0000,-1,-1,-1
78,4,850.84,448.03,80.00,225.00,1.0000,-1,-1,-1
78,5,701.99,428.75,80.00,210.00,1.0000,-1,-1,-1
79,2,597.75,386.92,85.00,235.00,1.0000,-1,-1,-1
79,3,579.11,391.08,75.00,220.00,1.0000,-1,-1,-1
79,4,851.08,448.06,80.00,225.00,1.0000,-1,-1,-1
79,5,715.99,428.99,80.00,210.00,1.0000,-1,-1,-1
80,2,591.99,387.18,85.00,235.00,1.0000,-1,-1,-1
80,3,584.21,391.82,75.00,220.00,1.0000,-1,-1,-1
80,4,851.82,448.06,80.00,225.00,1.0000,-1,-1,-1
80,5,729.99,429.07,80.00,210.00,1.0000,-1,-1,-1
81,2,586.07,387.92,85.00,235.00,1.0000,-1,-1,-1
81,3,589.89,392.08,75.00,220.00,1.0000,-1,-1,-1
81,4,852.08,448.06,80.00,225.00,1.0000,-1,-1,-1
81,5,744.00,429.09,80.00,210.00,1.0000,-1,-1,-1
82,2,580.09,388.83,85.00,235.00,1.0000,-1,-1,-1
82,3,595.79,392.17,75.00,220.00,1.0000,-1,-1,-1
82,4,852.17,448.05,80.00,225.00,1.0000,-1,-1,-1
82,5,758.00,429.10,80.00,210.00,1.0000,-1,-1,-1
83,2,574.10,389.16,85.00,235.00,1.0000,-1,-1,-1
83,3,601.11,392.84,75.00,220.00,1.0000,-1,-1,-1
83,4,852.84,448.05,80.00,225.00,1.0000,-1,-1,-1
83,5,772.00,429.75,80.00,210.00,1.0000,-1,-1,-1
84,2,568.75,389.92,85.00,235.00,1.0000,-1,-1,-1
84,3,606.21,393.08,75.00,220.00,1.0000,-1,-1,-1
84,4,853.08,448.04,80.00,225.00,1.0000,-1,-1,-1
84,5,786.00,429.99,80.00,210.00,1.0000,-1,-1,-1
85,2,562.99,390.18,85.00,235.00,1.0000,-1,-1,-1
85,3,611.89,393.82,75.00,220.00,1.0000,-1,-1,-1
85,4,853.82,448.04,80.00,225.00,1.0000,-1,-1,-1
85,5,800.00,430.07,80.00,210.00,1.0000,-1,-1,-1
86,2,557.07,390.92,85.00,235.00,1.0000,-1,-1,-1
86,3,617.79,394.08,75.00,220.00,1.0000,-1,-1,-1
86,4,854.08,448.03,80.00,225.00,1.0000,-1,-1,-1
86,5,814.00,430.09,80.00,210.00,1.0000,-1,-1,-1
87,2,551.09,391.83,85.00,235.00,1.0000,-1,-1,-1
87,3,623.11,394.17,75.00,220.00,1.0000,-1,-1,-1
87,4,854.17,448.69,80.00,225.00,1.0000,-1,-1,-1
87,5,828.00,430.10,80.00,210.00,1.0000,-1,-1,-1
88,2,545.10,392.16,85.00,235.00,1.0000,-1,-1,-1
88,3,628.21,394.84,75.00,220.00,1.0000,-1,-1,-1
88,4,854.84,448.94,80.00,225.00,1.0000,-1,-1,-1
88,5,842.00,430.75,80.00,210.00,1.0000,-1,-1,-1
89,1,700.00,274.00,65.00,190.00,1.0000,-1,-1,-1
89,2,539.75,392.92,85.00,235.00,1.0000,-1,-1,-1
89,3,633.89,395.08,75.00,220.00,1.0000,-1,-1,-1
89,4,855.08,449.02,80.00,225.00,1.0000,-1,-1,-1
89,5,856.00,430.99,80.00,210.00,1.0000,-1,-1,-1
90,1,702.09,273.13,65.00,190.00,1.0000,-1,-1,-1
90,2,533.99,393.18,85.00,235.00,1.0000,-1,-1,-1
90,3,639.79,395.82,75.00,220.00,1.0000,-1,-1,-1
90,4,855.82,449.05,80.00,225.00,1.0000,-1,-1,-1
90,5,870.00,431.07,80.00,210.00,1.0000,-1,-1,-1
91,1,704.87,272.91,65.00,190.00,1.0000,-1,-1,-1
91,2,528.07,393.92,85.00,235.00,1.0000,-1,-1,-1
91,3,645.11,396.08,75.00,220.00,1.0000,-1,-1,-1
91,4,856.08,449.06,80.00,225.00,1.0000,-1,-1,-1
91,5,884.00,431.09,80.00,210.00,1.0000,-1,-1,-1
92,1,707.85,272.88,65.00,190.00,1.0000,-1,-1,-1
92,2,522.09,394.83,85.00,235.00,1.0000,-1,-1,-1
92,3,650.21,396.17,75.00,220.00,1.0000,-1,-1,-1
92,4,856.17,449.05,80.00,225.00,1.0000,-1,-1,-1
92,5,898.00,431.10,80.00,210.00,1.0000,-1,-1,-1
93,1,710.13,272.15,65.00,190.00,1.0000,-1,-1,-1
93,2,516.10,395.16,85.00,235.00,1.0000,-1,-1,-1
93,3,655.89,396.84,75.00,220.00,1.0000,-1,-1,-1
93,4,856.84,449.05,80.00,225.00,1.0000,-1,-1,-1
93,5,912.00,431.75,80.00,210.00,1.0000,-1,-1,-1
94,1,712.20,271.93,65.00,190.00,1.0000,-1,-1,-1
94,2,510.75,395.92,85.00,235.00,1.0000,-1,-1,-1
94,3,661.79,397.08,75.00,220.00,1.0000,-1,-1,-1
94,4,857.08,449.04,80.00,225.00,1.0000,-1,-1,-1
94,5,926.00,431.99,80.00,210.00,1.0000,-1,-1,-1
95,1,714.89,271.87,65.00,190.00,1.0000,-1,-1,-1
95,2,504.99,396.18,85.00,235.00,1.0000,-1,-1,-1
95,3,667.11,397.82,75.00,220.00,1.0000,-1,-1,-1
95,4,857.82,449.04,80.00,225.00,1.0000,-1,-1,-1
95,5,940.00,432.07,80.00,210.00,1.0000,-1,-1,-1
96,1,717.81,271.86,65.00,190.00,1.0000,-1,-1,-1
96,2,499.07,396.92,85.00,235.00,1.0000,-1,-1,-1
96,3,672.21,398.08,75.00,220.00,1.0000,-1,-1,-1
96,4,858.08,449.70,80.00,225.00,1.0000,-1,-1,-1
96,5,954.00,432.09,80.00,210.00,1.0000,-1,-1,-1
97,1,720.12,271.19,65.00,190.00,1.0000,-1,-1,-1
97,2,493.09,397.83,85.00,235.00,1.0000,-1,-1,-1
97,3,677.89,398.17,75.00,220.00,1.0000,-1,-1,-1
97,4,858.17,449.94,80.00,225.00,1.0000,-1,-1,-1
97,5,968.00,432.10,80.00,210.00,1.0000,-1,-1,-1
98,1,722.21,270.96,65.00,190.00,1.0000,-1,-1,-1
98,2,487.10,398.16,85.00,235.00,1.0000,-1,-1,-1
98,3,683.79,398.84,75.00,220.00,1.0000,-1,-1,-1
98,4,858.84,450.03,80.00,225.00,1.0000,-1,-1,-1
98,5,982.00,432.75,80.00,210.00,1.0000,-1,-1,-1
99,1,724.89,270.88,65.00,190.00,1.0000,-1,-1,-1
99,2,481.75,398.92,85.00,235.00,1.0000,-1,-1,-1
99,3,689.11,399.08,75.00,220.00,1.0000,-1,-1,-1
99,4,859.08,450.06,80.00,225.00,1.0000,-1,-1,-1
99,5,996.00,432.99,80.00,210.00,1.0000,-1,-1,-1
100,1,727.80,270.20,65.00,190.00,1.0000,-1,-1,-1
100,2,475.99,399.18,85.00,235.00,1.0000,-1,-1,-1
100,3,694.21,399.82,75.00,220.00,1.0000,-1,-1,-1
100,4,859.82,450.06,80.00,225.00,1.0000,-1,-1,-1
100,5,1010.00,433.07,80.00,210.00,1.0000,-1,-1,-1
101,1,730.11,269.96,65.00,190.00,1.0000,-1,-1,-1
101,2,470.07,399.92,85.00,235.00,1.0000,-1,-1,-1
101,3,699.89,400.08,75.00,220.00,1.0000,-1,-1,-1
101,4,860.08,450.06,80.00,225.00,1.0000,-1,-1,-1
101,5,1024.00,433.09,80.00,210.00,1.0000,-1,-1,-1
102,1,732.21,269.88,65.00,190.00,1.0000,-1,-1,-1
102,2,464.09,400.83,85.00,235.00,1.0000,-1,-1,-1
102,3,705.79,400.17,75.00,220.00,1.0000,-1,-1,-1
102,4,860.17,450.05,80.00,225.00,1.0000,-1,-1,-1
102,5,1038.00,433.10,80.00,210.00,1.0000,-1,-1,-1
103,1,734.89,269.20,65.00,190.00,1.0000,-1,-1,-1
103,2,458.10,401.16,85.00,235.00,1.0000,-1,-1,-1
103,3,711.11,400.84,75.00,220.00,1.0000,-1,-1,-1
103,4,860.84,450.05,80.00,225.00,1.0000,-1,-1,-1
103,5,1052.00,433.75,80.00,210.00,1.0000,-1,-1,-1
104,1,737.79,268.95,65.00,190.00,1.0000,-1,-1,-1
104,2,452.75,401.92,85.00,235.00,1.0000,-1,-1,-1
104,3,716.21,401.08,75.00,220.00,1.0000,-1,-1,-1
104,4,861.08,450.04,80.00,225.00,1.0000,-1,-1,-1
104,5,1066.00,433.99,80.00,210.00,1.0000,-1,-1,-1
105,1,740.11,268.87,65.00,190.00,1.0000,-1,-1,-1
105,2,446.99,402.18,85.00,235.00,1.0000,-1,-1,-1
105,3,721.89,401.82,75.00,220.00,1.0000,-1,-1,-1
105,4,861.82,450.04,80.00,225.00,1.0000,-1,-1,-1
105,5,1080.00,434.07,80.00,210.00,1.0000,-1,-1,-1
106,1,742.21,268.19,65.00,190.00,1.0000,-1,-1,-1
106,2,441.07,402.92,85.00,235.00,1.0000,-1,-1,-1
106,3,727.79,402.08,75.00,220.00,1.0000,-1,-1,-1
106,4,862.08,450.03,80.00,225.00,1.0000,-1,-1,-1
106,5,1094.00,434.09,80.00,210.00,1.0000,-1,-1,-1
107,1,744.89,267.95,65.00,190.00,1.0000,-1,-1,-1
107,2,435.09,403.83,85.00,235.00,1.0000,-1,-1,-1
107,3,733.11,402.17,75.00,220.00,1.0000,-1,-1,-1
107,4,862.17,450.69,80.00,225.00,1.0000,-1,-1,-1
107,5,1108.00,434.10,80.00,210.00,1.0000,-1,-1,-1
108,1,747.79,267.87,65.00,190.00,1.0000,-1,-1,-1
108,2,429.10,404.16,85.00,235.00,1.0000,-1,-1,-1
108,3,738.21,402.84,75.00,220.00,1.0000,-1,-1,-1
108,4,862.84,450.94,80.00,225.00,1.0000,-1,-1,-1
108,5,1122.00,434.75,80.00,210.00,1.0000,-1,-1,-1
109,1,750.11,267.85,65.00,190.00,1.0000,-1,-1,-1
109,2,423.75,404.92,85.00,235.00,1.0000,-1,-1,-1
109,3,743.89,403.08,75.00,220.00,1.0000,-1,-1,-1
109,4,863.08,451.02,80.00,225.00,1.0000,-1,-1,-1
109,5,1136.00,434.99,80.00,210.00,1.0000,-1,-1,-1
110,1,752.21,267.20,65.00,190.00,1.0000,-1,-1,-1
110,2,417.99,405.18,85.00,235.00,1.0000,-1,-1,-1
110,3,749.79,403.82,75.00,220.00,1.0000,-1,-1,-1
110,4,863.82,451.05,80.00,225.00,1.0000,-1,-1,-1
110,5,1150.00,435.07,80.00,210.00,1.0000,-1,-1,-1
111,1,754.89,266.96,65.00,190.00,1.0000,-1,-1,-1
111,2,412.07,405.92,85.00,235.00,1.0000,-1,-1,-1
111,3,755.11,404.08,75.00,220.00,1.0000,-1,-1,-1
111,4,864.08,451.06,80.00,225.00,1.0000,-1,-1,-1
111,5,1164.00,435.09,80.00,210.00,1.0000,-1,-1,-1
112,1,757.79,266.88,65.00,190.00,1.0000,-1,-1,-1
112,2,406.09,406.83,85.00,235.00,1.0000,-1,-1,-1
112,3,760.21,404.17,75.00,220.00,1.0000,-1,-1,-1
112,4,864.17,451.05,80.00,225.00,1.0000,-1,-1,-1
112,5,1178.00,435.10,80.00,210.00,1.0000,-1,-1,-1
113,1,760.11,266.20,65.00,190.00,1.0000,-1,-1,-1
113,2,400.10,407.16,85.00,235.00,1.0000,-1,-1,-1
113,3,765.89,404.84,75.00,220.00,1.0000,-1,-1,-1
113,4,864.84,451.05,80.00,225.00,1.0000,-1,-1,-1
113,5,1192.00,435.75,80.00,210.00,1.0000,-1,-1,-1
114,1,762.21,265.96,65.00,190.00,1.0000,-1,-1,-1
114,2,394.75,407.92,85.00,235.00,1.0000,-1,-1,-1
114,3,771.79,405.08,75.00,220.00,1.0000,-1,-1,-1
114,4,865.08,451.04,80.00,225.00,1.0000,-1,-1,-1
114,5,1206.00,435.99,80.00,210.00,1.0000,-1,-1,-1
115,1,764.89,265.88,65.00,190.00,1.0000,-1,-1,-1
115,2,388.99,408.18,85.00,235.00,1.0000,-1,-1,-1
115,3,777.11,405.82,75.00,220.00,1.0000,-1,-1,-1
115,4,865.82,451.04,80.00,225.00,1.0000,-1,-1,-1
115,5,1220.00,436.07,80.00,210.00,1.0000,-1,-1,-1
116,1,767.79,265.86,65.00,190.00,1.0000,-1,-1,-1
116,2,383.07,408.92,85.00,235.00,1.0000,-1,-1,-1
116,3,782.21,406.08,75.00,220.00,1.0000,-1,-1,-1
116,4,866.08,451.70,80.00,225.00,1.0000,-1,-1,-1
117,1,770.11,265.20,65.00,190.00,1.0000,-1,-1,-1
117,2,377.09,409.83,85.00,235.00,1.0000,-1,-1,-1
117,3,787.89,406.17,75.00,220.00,1.0000,-1,-1,-1
117,4,866.17,451.94,80.00,225.00,1.0000,-1,-1,-1
118,1,772.21,264.97,65.00,190.00,1.0000,-1,-1,-1
118,2,371.10,410.16,85.00,235.00,1.0000,-1,-1,-1
118,3,793.79,406.84,75.00,220.00,1.0000,-1,-1,-1
118,4,866.84,452.03,80.00,225.00,1.0000,-1,-1,-1
119,1,774.89,264.89,65.00,190.00,1.0000,-1,-1,-1
119,2,365.75,410.92,85.00,235.00,1.0000,-1,-1,-1
119,3,799.11,407.08,75.00,220.00,1.0000,-1,-1,-1
119,4,867.08,452.06,80.00,225.00,1.0000,-1,-1,-1
120,1,777.79,264.21,65.00,190.00,1.0000,-1,-1,-1
120,2,359.99,411.18,85.00,235.00,1.0000,-1,-1,-1
120,3,804.21,407.82,75.00,220.00,1.0000,-1,-1,-1
120,4,867.82,452.06,80.00,225.00,1.0000,-1,-1,-1
